1.014
1.002
1.001
1.001
1.000
1.001
1.012
1.002
1.000
1.000
1.000
1.001
1.013
1.003
1.000
1.001
1.014
1.002
1.001
1.001
1.001
1.001
1.013
1.000
1.001
1.000
1.001
1.000
1.000
1.014
1.002
1.001
1.000
1.001
1.012
1.002
1.001
1.000
1.014
1.002
1.000
1.000
1.001
1.000
1.015
1.003
1.001
1.001
1.000
1.001
1.014
1.002
1.001
1.001
1.001
1.001
1.013
1.003
1.001
1.001
1.002
1.002
1.001
1.014
1.003
1.002
1.001
1.001
1.001
1.001
1.015
1.010
1.024
1.039
1.047
1.077
1.072
1.085
1.100
1.108
1.138
1.134
1.147
1.155
1.172
1.180
1.194
1.202
1.217
1.231
1.242
1.256
1.271
1.288
1.296
1.304
1.310
1.311
1.311
1.311
1.310
1.311
1.324
1.314
1.311
1.310
1.309
1.310
1.310
1.324
1.311
1.318
1.318
1.318
1.318
1.325
1.333
1.333
1.341
1.347
1.355
1.386
1.383
1.388
1.403
1.412
1.420
1.427
1.442
1.451
1.460
1.473
1.483
1.496
1.504
1.513
1.520
1.541
1.545
1.550
1.560
1.573
1.583
1.588
1.597
1.606
1.613
1.629
1.638
1.644
1.653
1.669
1.676
1.697
1.701
1.707
1.715
1.730
1.737
1.755
1.762
1.769
1.785
1.789
1.806
1.824
1.829
1.838
1.847
1.863
1.869
1.876
1.891
1.900
1.914
1.922
1.929
1.940
1.954
1.975
1.980
1.976
1.978
1.977
1.977
1.976
1.979
1.976
1.976
1.977
1.978
1.975
1.974
1.978
1.975
1.977
1.976
1.976
1.978
1.978
1.978
1.979
1.978
1.976
1.980
1.981
1.981
1.981
1.979
1.981
1.977
1.976
1.979
1.976
1.981
1.979
1.980
1.978
1.979
1.981
1.978
1.982
1.979
1.981
1.978
1.980
1.980
1.979
1.980
1.979
1.976
1.979
1.979
1.979
1.980
1.980
1.978
1.980
1.979
1.980
1.979
1.980
1.981
1.978
1.979
1.979
1.979
1.979
1.979
1.982
1.978
1.976
1.979
1.981
1.980
1.980
1.983
1.979
1.981
1.979
1.979
1.980
1.980
1.982
1.982
1.980
1.979
1.972
1.956
1.948
1.933
1.926
1.915
1.896
1.878
1.863
1.855
1.840
1.825
1.808
1.791
1.778
1.759
1.743
1.731
1.729
1.702
1.683
1.667
1.652
1.638
1.622
1.615
1.599
1.583
1.566
1.557
1.545
1.543
1.523
1.506
1.488
1.482
1.467
1.451
1.442
1.427
1.419
1.412
1.397
1.396
1.390
1.389
1.390
1.390
1.389
1.389
1.389
1.388
1.389
1.388
1.388
1.386
1.388
1.390
1.388
1.389
1.388
1.387
1.388
1.386
1.389
1.387
1.387
1.379
1.373
1.365
1.350
1.335
1.327
1.325
1.300
1.281
1.265
1.256
1.243
1.223
1.218
1.202
1.195
1.187
1.178
1.174
1.163
1.157
1.148
1.141
1.125
1.117
1.110
1.092
1.086
1.079
1.062
1.056
1.039
1.033
1.025
1.010
1.001
1.016
1.004
1.002
1.001
1.001
1.000
1.016
1.004
1.001
1.003
1.001
1.000
1.001
1.016
1.004
1.002
1.002
1.001
1.001
1.002
1.015
1.003
1.002
1.001
1.001
1.002
1.002
1.016
1.004
1.002
1.002
1.002
1.002
1.002
1.016
1.004
1.002
1.001
1.000
1.001
1.000
1.016
1.002
1.002
1.002
1.002
1.002
1.002
1.016
1.003
1.002
1.001
1.002
1.002
1.001
1.016
1.004
1.002
1.002
1.002
1.002
1.002
1.013
1.003
1.002
1.003
1.002
